[[ 100000] [ 200000] [ 300000] [ 350000] [ 400000] [ 500000] [ 600000] [ 700000] [ 800000] [1000000] [1100000] [1200000] [1300000]]
[[0.        ] [0.08333333] [0.16666667] [0.20833333] [0.25      ] [0.33333333] [0.41666667] [0.5       ] [0.58333333] [0.75      ] [0.83333333] [0.91666667] [1.        ]]



 x_train :  [[
  [0.        ]
  [0.08333333]
  [0.16666667]]

 [[0.08333333]
  [0.16666667]
  [0.20833333]]

 [[0.16666667]
  [0.20833333]
  [0.25      ]]

 [[0.20833333]
  [0.25      ]
  [0.33333333]]

 [[0.25      ]
  [0.33333333]
  [0.41666667]]

 [[0.33333333]
  [0.41666667]
  [0.5       ]]

 [[0.41666667]
  [0.5       ]
  [0.58333333]]

 [[0.5       ]
  [0.58333333]
  [0.75      ]]

 [[0.58333333]
  [0.75      ]
  [0.83333333]]]

 y_train :  [
 [0.20833333]
 [0.25      ]
 [0.33333333]
 [0.41666667]
 [0.5       ]
 [0.58333333]
 [0.75      ]
 [0.83333333]
 [0.91666667]]
 x_test :  [[[0.75      ]
  [0.83333333]
  [0.91666667]]]
 y_test :  [[1.]]

